Connecting to PostgreSQL...
[cron] processing 183 users pending notification
[550200946, 681613102, 6312936410, 644202480, 266187069, 1218026028, 388421840, 713001810, 728599500, 1181212115, 758581223, 443283561, 987810410, 1456999508, 5968152377, 6509313214, 1239035183, 346917337, 5889335886, 584125261, 306985094, 1537158340, 837366428, 6404385406, 621776492, 6931904392, 1047675996, 1625321503, 1487601604, 560802420, 1819433404, 889997872, 592962064, 828531064, 560850577, 939623919, 253264779, 794940679, 738705043, 7222829741, 5262524386, 313423314, 411546784, 1051270516, 1839137962, 622875623, 1965353222, 1690322404, 450834986, 307074919, 721122546, 1146912585, 443594582, 938063902, 557169286, 1842924396, 617577052, 822646071, 7649376784, 614728373, 5278927810, 981974716, 738615286, 303805108, 357745829, 941933110, 1338230497, 920448450, 1151004858, 6219902637, 610315012, 1235706742, 1436365746, 1251703464, 758129190, 272312833, 5485705954, 6474083814, 1122100004, 211241198, 653322747, 6601056231, 529692600, 6669838552, 1988160536, 443142625, 1383567364, 300720252, 6182796303, 1416625377, 880360933, 315181894, 1270736369, 1286452281, 1636343199, 627563929, 1403796028, 824062441, 1768516800, 7121218352, 271885596, 1119504380, 101381115, 6453611917, 5431859182, 5232210502, 481174476, 765926136, 2117836439, 362936108, 975006692, 349518290, 640416050, 933174808, 757220473, 5054451600, 6931512503, 6241678624, 515294973, 1198799388, 435779041, 179251317, 553118859, 387769161, 7253415788, 894086130, 880991575, 423570060, 620731705, 336893821, 1617819006, 430555626, 284779150, 200464552, 292300586, 2145455733, 5171119815, 5245439042, 1831025221, 5152357746, 1263190252, 908365956, 2110050554, 470924110, 938380625, 5555638667, 5776493911, 405922898, 1731671451, 1034075191, 909866, 409041257, 562447196, 558122027, 438816735, 528552890, 1923823369, 1025817761, 959856075, 5767277508, 1129654655, 270075213, 508278531, 6238771957, 6454990579, 381687754, 5468808491, 1962701938, 1098506902, 7640663433, 780457574, 688938571, 435845755, 5003653068, 427683014, 600898642, 1205051431, 674004051, 551938098, 1648577433, 1537661207]
<models.quick_commands.DbMessage object at 0x7f84412335e0>
<MessageSchema id=12>
<models.quick_commands.DbMessage object at 0x7f84412335e0>
<MessageSchema id=13>
<models.quick_commands.DbMessage object at 0x7f84412335e0>
<MessageSchema id=14>
<models.quick_commands.DbMessage object at 0x7f84412335e0>
<MessageSchema id=15>
<models.quick_commands.DbMessage object at 0x7f84412335e0>
<MessageSchema id=16>
<models.quick_commands.DbMessage object at 0x7f84412335e0>
<MessageSchema id=17>
<models.quick_commands.DbMessage object at 0x7f84412335e0>
<MessageSchema id=18>
5372938987 53473 3
6040311034 84572 3
225735280 66698 3
977157368 12343 3
457643015 1967 3
1619861381 54729 3
5946760113 67749 3
897964435 80804 3
327861334 67483 3
559895240 68148 3
459324732 69387 3
1365570168 56191 3
439142742 82621 3
1011923307 68160 3
463602564 60096 3
1114640732 58355 3
428065787 62956 3
1123218361 55422 3
1497041773 76446 3
6898055316 50478 3
814946444 67644 3
1258679565 51389 3
258102750 47127 3
1513683763 44623 3
443718182 80599 3
707294017 79729 3
433007165 10925 3
1287799669 78003 3
6996504972 29864 3
439868508 28679 3
951345084 73122 3
6153790281 48182 3
7774617812 60818 3
5876073183 59306 3
938306244 66103 3
7309708374 80599 3
962925667 56229 3
845403890 28327 3
900020974 77067 3
415069215 76731 3
828593649 57402 3
5607877129 58820 3
6011093596 55760 3
930080663 16553 3
5031980190 72766 3
829910671 70357 3
628118701 55620 3
1325587535 73562 3
1078316305 53726 3
897201187 50479 3
668732933 45978 3
352849499 54634 3
925211984 1380 3
144882889 15057 3
6751088284 65923 3
1021341975 62835 3
1013023442 69609 3
1050098946 68746 3
6785167805 68778 3
6410734120 42190 3
1036717442 71654 3
234029317 61120 3
6534718189 48603 3
282355863 10597 3
307034993 11731 3
526689112 7468 3
152000454 4222 3
204435236 30013 3
1701717563 78691 3
7196722075 58683 3
815037512 53077 3
5419020309 85693 3
1362275241 20764 3
5901453897 71133 3
1020531026 16267 3
765410408 13806 3
965524624 64235 3
6340583509 30279 3
386401514 28880 3
7211034675 73912 3
1334101163 55608 3
6001024010 2271 1
774156075 76528 3
5706920001 79607 3
5981353820 71696 3
5304321561 49070 3
1027941239 40397 3
5642355256 70537 3
521958116 70103 3
845132824 32452 3
5778226011 82515 3
398337986 66405 3
1921680662 17207 3
5900546740 59348 3
5301052342 50684 3
7900288026 2882 3
1150298618 54173 3
7206796850 78267 3
8096296239 79034 3
5003568960 50948 3
[cron] processing 181 active subscriptions
